%实验2
%测试DPC-NSA算法与FtNSA,V-detector的比较.
%在合适Rs，合适的hc下,最好参数hc(按表来，表里是3000点自体的最优hc，这里强行用在1000点上了)
%t=0.02，噪声比例5%,每个p参数实验20次，结果取均值
%% 
%%%%%%%%%%%%%%%%%%%%%%%%%%%%%%%%%%%%%%  shape1：密度5圆，自体半径0.02，hc=7
%%%%%%%%%%%%%%%%%%%%%%%%  p范围：0.9-0.99.
%%%%%%%%%%%%%%%%%%%%%%%%1000样本点     顺序：tp,fp,检测器数量
[0.942410366175592,0.945425128274566,0.953486576876765,0.952350309755830,0.963865283003918,0.970411289327357,0.972011987712560,0.979331553604090,0.983424294191241,0.987034754967604];
[0.0516925929245431,0.0553873519547786,0.0557173282933134,0.0592539667635575,0.0642367802847830,0.0715607201030164,0.0726005859670434,0.0810641682250984,0.0977048323861531,0.100847106617900];
[66.8000000000000,67.5500000000000,71.8000000000000,75.1000000000000,82.9000000000000,88.7500000000000,100.700000000000,115.350000000000,145.350000000000,229.350000000000];
%%%%%%%%%%%%%%%%%%%%%%%%3000样本点     顺序：tp,fp,检测器数量   
tp=[0.927716489238819,0.930462921733873,0.935138262505647,0.935482615463840,0.943244129471477,0.952956024005793,0.960265683826101,0.965275103549425,0.974852555640657,0.977335955300361];
fp=[0.00863969775821388,0.00925289716574462,0.00958996192417161,0.00949847487235174,0.0120299569673981,0.00740952536997260,0.00999482175946875,0.0135366348305977,0.0197583641597144,0.0177566390342044];
[68.0500000000000,73.7500000000000,72.5500000000000,76.5500000000000,83.8000000000000,95.1000000000000,101.950000000000,117.050000000000,142.850000000000,206];
%%
%%%%%%%%%%%%%%%%%%%%%%%%%%%%%%%%%%%%%%  shape2：密度双三角，自体半径0.02，hc=7
%%%%%%%%%%%%%%%%%%%%%%%%  p范围：0.9-0.99.
%%%%%%%%%%%%%%%%%%%%%%%%1000样本点     顺序：tp,fp,检测器数量
[0.952845659584111,0.956257585223365,0.960237473256295,0.966728089030959,0.968714438297938,0.973921749265186,0.977826856604394,0.982016444517551,0.985711714187497,0.987253444383728];
[0.0517696705819569,0.0624241622623723,0.0580586460099180,0.0613895333570424,0.0643010472387576,0.0634502430912454,0.0689970376121650,0.0772907551008540,0.0872498415333900,0.0905162417702808];
[38.3000000000000,41.0500000000000,43.4000000000000,46.7000000000000,50,56,61.1000000000000,71.7000000000000,89.7500000000000,134.350000000000];
%%%%%%%%%%%%%%%%%%%%%%%%3000样本点     顺序：tp,fp,检测器数量
[0.940719655524713,0.944557341120570,0.943147685903844,0.951282461600963,0.952030880774825,0.957537903845890,0.963208332727456,0.970171091804083,0.971561113633473,0.978484487265378];
[0.0190974488575655,0.0167313056273381,0.0263068057673321,0.0255925679175486,0.0197997232420018,0.0169793542440980,0.0205259621694581,0.0209307961485576,0.0214866567838267,0.0248402604383061];
[38.6000000000000,43,42.8000000000000,45.9000000000000,51,56.0500000000000,63.0500000000000,69.6000000000000,82.9500000000000,122.500000000000];
%% 
%%%%%%%%%%%%%%%%%%%%%%%%%%%%%%%%%%%%%%  shape3：密度反十字，自体半径0.03，hc=9
%%%%%%%%%%%%%%%%%%%%%%%%  p范围：0.9-0.99.
%%%%%%%%%%%%%%%%%%%%%%%%1000样本点     顺序：tp,fp,检测器数量
[0.934589466005489,0.943012739105170,0.948014161145475,0.952337633587493,0.947712485095957,0.957658949647570,0.960793896618911,0.963662207120354,0.962415426336081,0.964960242475425];
[0.0572413347029452,0.0570095500112347,0.0585881191738227,0.0673590271840587,0.0706388312835579,0.0835908912052358,0.0871613879465806,0.105180310519420,0.111199979863253,0.115585753593516];
[79.2500000000000,80.1500000000000,87.8500000000000,104.450000000000,121.300000000000,142.650000000000,163.200000000000,216.900000000000,323.650000000000,542.750000000000];
%%%%%%%%%%%%%%%%%%%%%%%%3000样本点     顺序：tp,fp,检测器数量
[0.894022294059238,0.897643402125769,0.907061409707945,0.912020675548598,0.912190242962982,0.922871848686395,0.926023201332615,0.926440196416952,0.929668527964153,0.944006235538009];
[0.00799302463905107,0.0102750529804414,0.00962339402089954,0.0108658075068406,0.0114329770192327,0.0129961557261594,0.0123643653109217,0.0139048762602146,0.0216759281889907,0.0225467134828996];
[55.9500000000000,59.0500000000000,68.7000000000000,74.2500000000000,77.8000000000000,94.4000000000000,107.100000000000,116.950000000000,183.500000000000,307.400000000000];
%%
%%%%%%%%%%%%%%%%%%%%%%%%%%%%%%%%%%%%%%  shape4：密度2圆+star，自体半径0.02，hc=15
%%%%%%%%%%%%%%%%%%%%%%%%  p范围：0.9-0.99.
%%%%%%%%%%%%%%%%%%%%%%%%1000样本点     顺序：tp,fp,检测器数量
[0.892908345359528,0.912785723988418,0.916089689897295,0.921372346766225,0.931345297993396,0.936322128555938,0.943988949242778,0.945941103275322,0.953012031560130,0.964425547019606];
[0.0379265061893823,0.0341096193656953,0.0383412167841120,0.0420695194419865,0.0377850368258306,0.0440514486209274,0.0466715994430629,0.0529854854916434,0.0463867614368153,0.0623429048873661];
[62.2500000000000,75.1500000000000,81.9000000000000,83.0500000000000,97.3000000000000,97.8000000000000,115.300000000000,143.750000000000,180.500000000000,349.350000000000];
%%%%%%%%%%%%%%%%%%%%%%%%3000样本点     顺序：tp,fp,检测器数量
[0.879873344063659,0.883931929623422,0.885875763901320,0.898980902381972,0.908348450490623,0.905927801637243,0.916190963385084,0.923196354978946,0.929631161331075,0.937161581331266];
[0.00760154414110934,0.00776163659745760,0.00807841056946108,0.00743282950074409,0.00846081086980603,0.00774948089737807,0.00882420150434436,0.0119373937904025,0.00981106248851655,0.00828941517690700];
[68.2000000000000,69.5000000000000,74.6000000000000,85.8000000000000,96.7500000000000,95.3500000000000,112.750000000000,135.750000000000,164.700000000000,272.700000000000];
%%
%%%%%%%%%%%%%%%%%%%%%%%%%%%%%%%%%%%%%%  shape5：密度条纹，自体半径0.02，hc=22
%%%%%%%%%%%%%%%%%%%%%%%%  p范围：0.9-0.99.
%%%%%%%%%%%%%%%%%%%%%%%%1000样本点     顺序：tp,fp,检测器数量
[0.970790851922568,0.977911906657444,0.979501602304087,0.980865287809062,0.982879426142754,0.983740223499851,0.983371536320357,0.984951289519089,0.985620950912174,0.988794318883516];
[0.0862650297829716,0.0764359497571872,0.0877593590385415,0.116973055726711,0.105534819172473,0.131217173455420,0.141006482148233,0.181730776148343];
[53.5000000000000,66.7500000000000,77.2000000000000,78.2000000000000,103.600000000000,129.800000000000,184.250000000000,277.250000000000,381.950000000000,797.150000000000];
%%%%%%%%%%%%%%%%%%%%%%%%3000样本点     顺序：tp,fp,检测器数量
[0.956310985517464,0.955928559930276,0.957846494938888,0.958596186783713,0.958593566297682,0.961893760568271,0.967806538349807,0.966757481978108,0.968173235168990,0.973347930168682];
[0.00214975682992127,0.00198237533697017,0.00225907641160592,0.00361582223633700,0.00201392283116790,0.00286502614619110,0.00433648581584116,0.00681204186009488,0.00603790492121924,0.0151054632535217];
[27.9500000000000,31.9500000000000,32.7000000000000,35.0500000000000,37.7000000000000,40.8000000000000,48.5500000000000,69.4500000000000,78.1000000000000,194.750000000000];
%%
%%%%%%%%%%%%%%%%%%%%%%%%%%%%%%%%%%%%%%  shape6：密度十字，自体半径0.03，hc=22
%%%%%%%%%%%%%%%%%%%%%%%%  p范围：0.9-0.99.
%%%%%%%%%%%%%%%%%%%%%%%%1000样本点     顺序：tp,fp,检测器数量
[0.929508561112037,0.932099635946423,0.932229919315654,0.944962400185927,0.946218098544415,0.943815557952407,0.953460513079018,0.948044171510747,0.955257295987078,0.959534732314759];
[0.0951364368452818,0.0969784021391369,0.0897002343717484,0.106636710241711,0.122828829642848,0.127678562796613,0.133264506700411,0.138624019046474,0.142520520184351,0.148099436260554];
[150.300000000000,141.100000000000,163.550000000000,207.300000000000,241.900000000000,271.700000000000,337.550000000000,481.400000000000,613.400000000000,1183.45000000000];
%%%%%%%%%%%%%%%%%%%%%%%%3000样本点     顺序：tp,fp,检测器数量
[0.865640989672934,0.874423503114238,0.869566195239822,0.878506759010718,0.890411068336191,0.888575616672137,0.899318324790821,0.902888312012664,0.909868739333971,0.914964246066689];
[0.00480372907397736,0.00744909163774976,0.00988647602146023,0.00904396893781695,0.00859984925698867,0.0105831310746281,0.0138323477260216,0.0145733748267933,0.0156613486700711,0.0200278040542605];
[56.7500000000000,66.3000000000000,69,81,78.8500000000000,94.2000000000000,116.500000000000,157.250000000000,245.900000000000,403.900000000000];
